>>> data['m0011'].loc[[388,389,396,397], [388,389,396,397]]
       388    389    396    397
388    NaN  17.21  11.86  13.70
389  17.21    NaN  12.06   7.37
396  11.86  12.06    NaN  16.22
397  13.70   7.37  16.22    NaN
>>> data['m0012'].loc[[388,389,396,397], [388,389,396,397]]
       388    389    396    397
388    NaN  -9.80  -5.30  15.02
389  -9.80    NaN  13.35  -6.90
396  -5.30  13.35    NaN -10.32
397  15.02  -6.90 -10.32    NaN
>>> data['m0013'].loc[[388,389,396,397], [388,389,396,397]]
      388    389    396   397
388   NaN   9.88   7.18  8.39
389  9.88    NaN  13.48 -4.07
396  7.18  13.48    NaN -6.33
397  8.39  -4.07  -6.33   NaN